7.641284681923723383e+02
7.976391113185920858e+02
8.241228777324633938e+02
8.283502019697725700e+02
8.211273565841713662e+02
8.054778582487019776e+02
7.843412370621556420e+02
7.770624006270536483e+02
7.702314925879579732e+02
7.625327232816000560e+02
7.770903961518040433e+02
8.304498663260520743e+02
8.800019451342467391e+02
9.567656739998227522e+02
1.023674978153260781e+03
1.068579799852890119e+03
1.084789208683367406e+03
1.109145315216208928e+03
1.111832885592246384e+03
1.111049010899235554e+03
1.115556290384048680e+03
1.113456626027769289e+03
1.107493579255935856e+03
1.107885516602441385e+03
1.092459982464974928e+03
1.078602197713530586e+03
1.064156506942328178e+03
1.060125151378271767e+03
1.043803760448792900e+03
1.032577555023885452e+03
1.026222570905546490e+03
1.021043398826723774e+03
1.025886624608541752e+03
1.029973971222098953e+03
1.022611148212745775e+03
1.008025479817791279e+03
9.982270461551540848e+02
9.983110327294052695e+02
1.032101631103128966e+03
1.068579799852890119e+03
1.052650346269917009e+03
1.010377103896824224e+03
9.678239062762277172e+02
9.173479751512701341e+02
8.793860435897380512e+02
8.327454993555843430e+02
7.872527716361964849e+02
7.483669877579013701e+02
