7.000000000000000000e+02
7.500000000000000000e+02
8.500000000000000000e+02
9.500000000000000000e+02
1.000000000000000000e+03
1.100000000000000000e+03
1.150000000000000000e+03
1.200000000000000000e+03
1.300000000000000000e+03
1.400000000000000000e+03
1.450000000000000000e+03
1.500000000000000000e+03
1.400000000000000000e+03
1.300000000000000000e+03
1.200000000000000000e+03
1.050000000000000000e+03
1.000000000000000000e+03
1.100000000000000000e+03
1.200000000000000000e+03
1.400000000000000000e+03
1.300000000000000000e+03
1.100000000000000000e+03
9.000000000000000000e+02
8.000000000000000000e+02
